11.9135063933209
11.8184896418825
18.047170820646
11.3015100103803
19.4760739407502
166.026062339079
34.0089731570333
11.9990402786061
17.4196588643827
11.6258385544643
45.1838417164981
12.792976074852
10.5648169340566
12.5614074338228
11.4633150445297
17.2067198832519
48.5460979421623
14.2245668522082
15.0574001483619
11.1503781564534
13.7116106390022
29.6863987855613
13.941787967924
22.0215167826973
14.9990708404221
14.2780065140687
13.5181834502146
90.9254119498655
12.2281420836225
19.2728098342195
18.440760707017
31.980388010852
10.1194493076764
15.5859560682438
156.277893066872
12.8386816917919
65.882685368415
19.3453136528842
12.0371805783361
15.9057335741818
10.8979006484151
24.0778829925694
11.3328325119801
14.5447120093741
10.6071885651909
72.0427333237603
11.346160848625
54.6659527439624
23.2975565153174
11.8017927440815
13.6606119968928
27.8597585810348
21.456458051689
10.8163998625241
38.5428162897006
14.9528371426277
39.3127072346397
10.2680673031136
16.1621310049668
14.1300350776874
10.6187166785821
12.4290875671431
16.368193870876
13.597356393002
29.7236797725782
10.7684046658687
11.614171678666
16.6512634186074
20.915255851578
12.7698234980926
12.6487251766957
10.4017807869241
29.9999176920392
51.8496514461003
12.5812400854193
13.357501423452
38.3579435036518
10.2174515253864
79.8260091640987
19.6083320328034
11.7517098877579
15.15346522443
24.0955466171727
13.4745412901975
16.2822466949001
12.6569587201811
18.2813323824666
11.9499282981269
15.5597631656565
26.4273813297041
10.6923246034421
13.32916992018
22.0394851313904
16.9663790147752
16.3469987199642
10.7837637281045
14.861261791084
14.2405980592594
17.9448529076762
14.2716423445381
14.4033970194869
17.8247109404765
26.1066154297441
10.9258234710433
13.1198975397274
25.5115526705049
23.0939519568346
11.8485545227304
41.8152192467824
16.8431204254739
15.7751470850781
50.4182017361745
11.5592344431207
22.5125448475592
12.7021961868741
10.4941988550127
12.0455392845906
13.9003570168279
12.1001794026233
16.3202938716859
24.9326266883872
11.8605028418824
16.589574769605
12.2767481114715
11.9761011470109
24.8480964102782
10.7456789794378
13.8474311446771
11.0975032253191
18.6034992756322
12.9648434580304
24.7347240662202
13.3258571405895
15.6942161009647
33.9612285164185
29.9152067000978
18.1624547205865
23.3201971463859
12.2185276006348
27.8058984829113
20.0634586671367
10.7154923933558
10.7770323683508
25.7607498997822
10.4969628085382
16.28805950284
19.7783692274243
17.5886544189416
10.01127847936
21.0627091187052
10.6226790137589
20.9245623834431
27.2718077409081
64.6567702130415
27.5621586269699
32.3965883324854
13.3388196700253
14.2133957869373
14.0005923411809
15.3192291362211
24.4223678135313
11.3641808298416
10.849626774434
181.177011851687
88.5723841609433
23.8919863151386
10.1187548041344
12.7217430155724
17.4441614933312
16.2809321400709
11.8661854160018
45.3017895319499
25.1938081951812
17.6323062600568
12.4721926567145
18.022345257923
13.7158567225561
11.012238797266
13.3838038146496
16.357391839847
36.2647497048602
13.5864462563768
10.5652272282168
21.9078812049702
12.8071556566283
50.8384485263377
51.4014225942083
16.2871474050917
29.6291823429056
16.6296720341779
12.5104097137228
65.1206628512591
11.1882865708321
11.745068654418
12.9171204846352
10.3807350015268
10.0646837963723
10.5405390448868
10.446308075916
10.1470215362497
20.0374250416644
11.2972830585204
21.8030284577981
35.5357934394851
13.1517469696701
18.6685864510946
13.6110385507345
11.112588911783
20.4619430401362
47.2401095018722
18.5378478304483
11.6388119175099
20.0940557778813
35.9767787554301
17.8789638145827
22.8747407766059
87.0537252747454
10.003856534604
21.540492749773
16.9867849256843
13.7668786454014
10.3740852396004
15.0022347155027
20.2069846354425
13.0231667729095
11.6828148136847
11.0700552375056
15.9062895458192
17.0949575980194
10.3519706148654
25.4305811179802
13.8890884490684
11.3933492871001
12.6890711532906
10.0933317793533
28.6820530798286
193.596963679884
15.5309220217168
10.148840660695
11.5619472251274
10.4952960461378
10.0120794749819
35.108845254872
15.3614818281494
27.562856588047
10.3658055956475
25.1527716335841
16.6758893663064
13.1390709546395
19.2558990302496
13.3637150749564
22.7271259273402
23.9052010141313
10.9236542135477
10.0197289255448
26.2883370183408
13.904316124972
30.5030856234953
32.3997024190612
22.4055486591533
12.0344470511191
24.8050169064663
13.2394289062358
12.0432805921882
33.7428210978396
93.1492097559385
13.1731850700453
30.3196085290983
13.9228482823819
13.8854877720587
18.8961685542017
26.6870784014463
13.0048734159209
12.9817060870118
13.6579842702486
14.8580591916107
32.1432270784862
12.0251151639968
13.6058395705186
14.1652800375596
30.2857756265439
18.6142291594297
18.6602305108681
13.0583188403398
12.9771672654897
21.7138152942061
12.8997106431052
14.6364141372032
13.3817304461263
292.373931785114
15.8093985798769
11.81311939843
23.2940498832613
25.9674819139764
11.0530900349841
13.0957229156047
14.5311114494689
11.9129663263448
10.1364147407003
26.9416465656832
12.2697143326513
10.6814234564081
21.3681721989997
10.34003773937
40.7388556213118
33.9284690632485
116.285018853378
16.636739235837
101.189725974109
62.5835130224004
30.4988095746376
31.3910921895877
10.5761680216528
36.8499711668119
10.4626841144636
19.5490703429095
39.8182477266528
30.3279538662173
10.5595736973919
15.4636153392494
84.1572335967794
12.0126708038151
59.1054625646211
60.8589111315086
15.0846985401586
17.7489360631444
21.041272401344
11.8225863599218
18.4789203689434
18.5603439365514
166.93005654728
11.7374224308878
12.877699052915
24.1577716451138
10.4063696274534
19.7103890171275
17.1238351613283
16.8825181154534
12.9795462801121
25.3475587861612
16.8372034304775
24.4910365343094
24.375424629543
10.200693544466
11.9111545779742
15.3028724598698
46.2456311401911
11.6225813259371
13.5455171088688
29.3969348724931
18.1936262431554
10.0129090528935
12.4400539463386
11.5025232615881
34.2647466179915
34.4242118229158
28.197924180422
10.2732360875234
10.5089604551904
21.1869132285938
23.5303659504279
15.2883641817607
15.0920958211645
18.7345032044686
30.5109404516406
155.28348662192
43.6305104382336
19.5459917536937
20.3656829590909
11.5417637489736
10.3085914580151
35.62435105443
25.2636709180661
18.3415919169784
78.203572363127
35.6045937770978
27.9640067205764
11.3482404407114
19.8965035192668
10.2344614453614
12.1637083822861
16.0378819471225
13.1544959405437
11.6155240358785
17.2181643242948
170.059911787976
17.1921807178296
13.9232445158996
11.7629736149684
17.6668839156628
13.558883939404
11.3388850423507
10.1487938687205
14.1275004739873
13.1194946216419
12.9633691650815
11.021991581656
38.949546192307
19.4975731242448
12.1558155212551
21.1799571290612
14.1772585525177
16.7571656429209
26.9491650909185
16.2343559158035
11.2656415416859
24.0172777045518
10.5906610866077
13.7200391874649
34.2206220165826
11.9142539124005
12.6890109921806
13.075658378657
10.0978938816115
11.5915863681585
31.1872635828331
10.8455083891749
19.5966185955331
12.6673218747601
20.4683300293982
19.0486880321987
15.8139164256863
36.5204752213322
45.7178916595876
11.7953870841302
12.1880058641545
25.6501396652311
56.5845481678843
13.5439086635597
16.4850585558452
10.659338796977
12.9180286638439
46.0016513313167
15.8842592849396
22.1157917776145
23.02344820695
12.8168277652003
12.7054637880065
29.5649786829017
24.6447919658385
28.3064900897443
11.7485139728524
18.9425668306649
30.1414641062729
10.3532773326151
19.6810868685134
13.7132167792879
15.2809323254041
62.2570737684146
20.9165685623884
12.1490562707186
13.5958892456256
11.9354363856837
36.8630632385612
10.2061204914935
10.9642380685546
11.7726254393347
10.7634278899059
34.3713703146204
16.530783995986
30.1838779193349
12.2150032198988
22.2951053082943
12.0246931142174
11.0747143812478
14.9508285452612
14.4563586195
22.2819915693253
44.6095654275268
14.6780311036855
19.7148697520606
24.9782822863199
15.4205694887787
19.4576090900227
12.6311376178637
26.6641828347929
11.3445201329887
15.5378499999642
17.8478595986962
12.3556797183119
47.342054231558
11.0812795488164
11.6511730663478
20.8040919504128
10.8606650703587
12.6099482295103
10.0084704998881
141.18709313916
11.384402338881
14.5293831429444
12.2600489086471
11.879846828524
105.172444472555
13.9864819101058
10.4516140092164
25.025075643789
12.8578055487014
13.9435139694251
14.951055359561
27.2664529411122
11.0511959972791
16.8178783450276
30.0919130188413
26.8870804389007
24.8563908063807
13.1172506813891
14.4593394757248
23.4088769275695
14.6723616681993
13.3341231849045
31.473424397409
18.4910173621029
11.8572419253178
62.4832235299982
13.6128228693269
21.5983599005267
39.8680048831739
14.8865951504558
10.1181153906509
21.5194647130556
10.7690424658358
12.1711669769138
11.1670579970814
14.8881192319095
11.7743779486045
17.5465331133455
17.982660823036
14.5719785918482
39.6076511102729
15.1659612171352
12.1772497030906
12.9209608840756
12.0693688467145
35.9202789445408
15.1755925267935
12.4281927570701
12.862684361171
11.0776237817481
98.7432661373168
10.8678300050087
26.4783640671521
13.1349961343221
17.9618718172424
21.278715855442
13.44125444768
15.1973595540039
10.8171584457159
29.5748100685887
12.9263493372127
11.6971250902861
105.256296151783
11.3496713992208
10.3885663184337
13.8961595692672
18.2222673110664
41.7400528956205
14.408963881433
18.9040077081881
18.8412133394741
29.0797297726385
16.4785157470033
11.7844575853087
11.3101372518577
10.1431281212717
23.8710507098585
12.5747122592293
16.1190007906407
13.2670723600313
34.172869999893
44.3466406315565
10.4466943978332
13.0863534566015
19.5971888583153
10.4396679950878
26.3625894277357
67.3011024761945
10.0889637600631
16.1198338260874
17.7452436462045
22.5293888058513
27.3378252238035
10.7404710096307
26.6931611276232
11.9282103679143
29.1975095518865
13.935416652821
15.596154644154
10.2734188758768
12.3109516617842
25.5335024860688
12.9763097967952
16.3253319612704
19.6687439293601
48.2127330149524
22.6211137534119
10.6169918295927
11.7858717171475
66.6905432753265
20.477796299383
10.1590867200866
13.3053410495631
10.1678872993216
10.3715395717882
15.1976693491451
39.4827163079754
693.471079664305
12.0845651743002
10.0027538114227
10.9210688993335
11.3515140349045
13.7015644251369
21.3023842964321
21.2666631187312
11.7377820145339
10.2979678357951
15.3376619471237
28.570249073673
33.9802004722878
10.7573317945935
11.8866849108599
24.8655433626845
13.1697468971834
23.6893376498483
24.3106011487544
14.3551300605759
16.0250574885868
32.0148377376609
16.0922104259953
24.7284350404516
14.8423640569672
12.1568880486302
14.0669661806896
13.5262773092836
11.7884704004973
43.5501434933394
19.1043513501063
18.0352568463422
19.7802314558066
41.3365170639008
10.9193857712671
10.3417305485345
39.4150871527381
13.4086183132604
16.1864075111225
21.8837319361046
16.789497283753
10.375880622305
10.4207545868121
10.7602997426875
32.5133741856553
21.2630191072822
12.7549026207998
11.8592922436073
14.3967576301657
10.0508087081835
26.5328748733737
10.3183045960031
11.3014798145741
16.9753803615458
25.3071570280008
14.8141192225739
58.7667488306761
10.3559149708599
19.5633515762165
14.0872098179534
31.416570765432
30.5984739447013
13.282481902279
23.5161762265489
12.8877247520722
23.0611178209074
10.2414707909338
10.5619075335562
16.5724731096998
14.5736843091436
20.551286668051
18.7430186523125
23.3101398684084
13.0766647518612
17.969227146823
10.2009461750276
10.1176746701822
46.0766754625365
11.4558587549254
14.0995529876091
12.9894318338484
11.8692494835705
12.3406403628178
15.6343751586974
14.0988534130156
13.3634184184484
13.7686078739353
11.0435304115526
25.8616506843828
22.8448213427328
12.7162340097129
10.8379820268601
60.8137340564281
20.7951484597288
26.4293901575729
16.7690468858927
43.3186223357916
35.5180037301034
13.3224540040828
18.1641641259193
19.8495838465169
26.5384684735909
18.0953905265778
56.3760650274344
12.7150206454098
40.8310217503458
10.411091928836
11.1103615676984
14.001112584956
18.4780449210666
10.9892222168855
10.8887997246347
15.5809124466032
16.5960710169747
12.2679583658464
31.4627869450487
11.1030269833282
11.5660167438909
16.994677556213
11.3503705128096
11.5502964844927
11.1503030126914
16.79903477896
11.3938400265761
21.0985400155187
16.3972581410781
21.6516342922114
15.9476799285039
142.993894929532
10.9814671962522
17.5604842673056
71.7219157912768
13.1678825942799
52.9410468204878
12.2903041844256
12.887687641196
24.8702082689852
20.3994702221826
14.1479043103755
16.0606366768479
13.3953667338938
12.2405744576827
30.1075821067207
10.4347652103752
15.9117681253701
19.9007897102274
10.2945047686808
25.6824069959112
12.8641835483722
32.6679064100608
19.5883523207158
11.5403076657094
21.9764713244513
12.5014044484124
170.336862651166
12.3372233961709
20.1871754950844
15.3685755375773
20.4578481661156
19.7741157677956
37.9072367516346
13.8894478022121
11.5182891604491
11.2647926015779
25.4769233823754
10.2201110613532
229.006542097777
11.6241847001947
19.692002767697
11.989342814777
17.5398745923303
24.9263888341375
42.1681526699103
33.6249966011383
14.7372888750397
13.3380437991582
48.895908058621
12.0599731104448
19.9325888906606
19.1301634628326
21.3108946732245
52.1345772291534
10.9481118945405
10.8441726281308
15.4946946608834
13.3310303045437
10.0819020904601
19.8358721844852
10.3333965060301
12.2019051550888
59.5086542563513
21.4867928507738
12.3193689156324
10.9997808374465
14.8468646151014
13.3810988697223
13.1805362505838
10.5474734771997
15.7945074373856
14.331515787635
19.2109911818989
55.4873404465616
16.3305509951897
14.6081185922958
30.1312669133767
70.9905334888026
42.2608173754998
10.8584010764025
12.5639404240064
11.0809563845396
18.1338341673836
12.1621688571759
14.2472678748891
12.744450031314
12.4675196828321
11.656303817872
10.7226487994194
15.6433161138557
17.2459038975649
14.5319242007099
38.0202575796284
59.2904701945372
22.2455420042388
10.9951011789963
19.5847643213347
20.8554610097781
16.7979163816199
27.2212459007278
10.0472255493514
12.0703461766243
10.820308260154
17.9926671599969
10.4026133613661
16.2701347190887
20.2692961017601
10.718530875165
11.5251131821424
17.4569232552312
29.8545610741712
18.9403198938817
17.2033013030887
10.6542762741446
17.2948259441182
24.1962984972633
13.9914669841528
27.232217581477
139.53623540001
33.412144058384
12.7904679789208
20.5505296983756
12.0031047263183
17.7700901846401
32.319098978769
14.6762737538666
18.6377657530829
28.9562992285937
14.1305981948972
32.3971802624874
26.2675293418579
11.2055339082144
20.1713063311763
22.0329944160767
13.4910016926005
10.3257136326283
16.5348157123663
22.9040567553602
11.6070929518901
33.0880835885182
15.8301454037428
11.1687065497972
101.936482090969
69.0180240292102
11.7923497548327
286.336050298996
12.999956109561
15.4790377896279
11.1805612850003
11.4449264900759
11.0114403371699
17.30488068657
26.3285363954492
14.6737730340101
45.7865666039288
39.7087316866964
12.4361125868745
13.4323183330707
28.1775039783679
116.882671306375
10.6750788795762
18.5590157820843
19.4888963247649
14.2272088699974
12.794554324355
12.08053345792
19.6855450142175
14.0933241229504
10.5216740421019
45.2798274997622
34.6620425209403
10.5383829260245
119.446719605476
11.9158010440879
18.6421909369528
30.1957478676923
10.3703333530575
37.0002810494043
19.0977292484604
23.2975482172333
17.2563168406487
18.2224650820717
11.1918155616149
31.1615554266609
10.3033484518528
13.247863908764
11.1517099989578
27.2200283873826
214.891252724919
63.0550797749311
23.5924174101092
10.686304573901
13.2921134424396
10.6463338551112
12.3479924653657
10.3213343187235
10.5964632914402
14.936139092315
10.3735082922503
35.4330523242243
11.5772903827019
11.8743320601061
12.3485159361735
24.7686189739034
12.3629244067706
19.8121583345346
24.0274481591769
10.418375802692
11.9511921424419
12.5017995294183
10.8157129655592
17.4101928249002
206.266033444554
16.956834604498
15.7041726494208
13.8691795011982
43.1789252418093
11.3279244257137
12.4929120508023
21.1303982045501
17.534356827382
17.4785992340185
55.1627841661684
13.5772457555868
55.8589701447636
11.93709485
12.3792877676897
22.1059933537617
15.8986435527913
40.7767605781555
10.6804067105986
49.514677291736
14.1272667446174
12.2948231827468
10.6863412237726
12.5969649548642
31.6412234143354
26.1672449205071
20.4007730213925
18.5647041187622
12.7481565088965
46.7847401485778
10.0736012402922
17.1128277527168
15.9003264503554
11.2714617257006
16.2441128492355
17.4861214472912
16.1774690914899
10.6043937243521
31.5838283323683
40.5362627375871
10.8031754824333
25.3965522884391
19.7115998459049
20.2535555581562
19.9280014331453
13.069727323018
43.4158608992584
12.0148363732733
14.3415903532878
41.4693214464933
17.9793498874642
15.8341499208473
62.5260169804096
13.400803131517
18.0669788084924
10.1491603674367
17.0393952401355
13.7028273474425
15.910035900306
19.3979269638658
10.4508137051016
11.7355281626806
25.5477113416418
140.486017514486
26.731865927577
73.8826841162518
13.321888120845
24.2626151721925
11.4717272273265
10.5046399193816
10.3395207226276
23.5347083839588
15.86784359999
120.341281888541
10.4891245765612
15.0966162024997
11.0014913952909
31.8643236299977
44.6301366086118
22.3746030288748
19.9312598141842
38.914155093953
30.2029937086627
14.7962038894184
10.3282837336883
11.8426207010634
25.4354246635921
12.5618380121887
20.2120324061252
15.3079930692911
12.1560462540947
10.2216093265451
12.1669411775656
10.6225112080574
15.8439425821416
12.6869516842999
19.2913267784752
46.372268893756
16.2475093011744
33.7017418933101
15.0681825866923
27.6380538265221
12.158124463167
22.2746867197566
55.4212399828248
16.825284846127
13.5439515369944
18.7894498906098
25.0280207721516
11.0921454289928
10.3926425217651
11.3846923108213
12.4848041310906
22.8252883441746
144.016365264542
31.8965056748129
33.3209022437222
14.7290249052458
10.4007054935209
10.0473707658239
13.6476526944898
52.0945274480619
11.5357718407176
24.6670031710528
62.8368781949393
47.0076446677558
31.0630728420801
39.603782359045
11.4504684577696
11.3438966241665
58.6172256525606
10.2733259834349
19.6723531349562
20.5111912474968
20.6537703122012
12.1023189253174
11.0170175717212
70.2647302648984
10.271334904246
11.9314941042103
14.6275077573955
11.7882401286624
61.8575751851313
51.0699696838856
23.6710862442851
15.1046441379003
58.1790888844989
10.664842731785
13.2539185136557
12.0780993532389
51.4624056755565
28.188091411721
26.5056318021379
16.6099297394976
10.0121944956481
11.6228565457277
27.8776589315385
12.3149866051972
14.3355184607208
11.3893747352995
15.3852528426796
10.5429540178739
10.4856179445051
21.2679783650674
12.6841139700264
10.0555586698465
19.3931952118874
13.3670008857735
93.8919505220838
13.7879380304366
19.0152488276362
16.0137561894953
10.8552017039619
14.0137726953253
13.6110157310031
22.4690806353465
12.3986960644834
10.1611999655142
11.1666677566245
11.1816211347468
11.5640007704496
22.6565477252007
66.6394600388594
11.8268942181021
20.6014317600057
12.5350967445411
11.8093559867702
13.7416328769177
10.8570217504166
33.1387025932781
11.7967975279316
17.6999676856212
16.4499864727259
12.1858930797316
13.6699229083024
26.0426869895309
22.970688987989
25.1043128967285
60.3592364629731
11.4270756975748
15.9730453277007
671.849339460023
10.6511303782463
10.6473257066682
26.9221308548003
15.1395299751312
16.9507090048864
19.8008127789944
14.0635245502926
25.6666768249124
39.653220961336
11.091679353267
11.5449813310988
24.2354896571487
10.8112615044229
66.6397850471549
11.5780591079965
78.0811472702771
21.2220069789328
42.6694687455893
11.6282203351147
14.7701301565394
17.5974815059453
30.372113273479
10.0921317841858
10.3748765541241
34.3847302300856
21.6435897606425
10.1861601416022
13.3759803348221
11.5395878069103
10.218715139199
17.1023198426701
11.8764957855456
12.9370693094097
15.2025186573155
13.9956803363748
11.2618064437993
22.6559995906428
20.9693734208122
74.9876005272381
10.7401353982277
11.2823700183071
12.0368889928795
24.1411715582944
49.8604268790223
10.5810777214356
50.7750470144674
12.9542269813828
10.1598215615377
13.8998577487655
12.7867130958475
12.2066802415065
11.3060105685145
14.1557266376913
13.4496590238996
15.0643410347402
15.6253565242514
37.6659489795566
21.2718238355592
16.712486683391
14.5910545042716
17.1808994724415
194.091195957735
23.7085092207417
11.2349674431607
19.266624765005
24.1090609692037
10.0451904442161
10.5703886365518
15.3602092247456
38.1741059035994
67.18153008027
13.661865699105
18.2806669222191
10.8491770643741
17.9442920954898
12.9985558078624
17.5187163217925
57.8939950652421
52.8141721105203
10.3284114319831
18.7279719207436
11.841982670594
13.1747033889405
15.6093787937425
111.849526918959
11.045370050706
33.918908056803
11.649182678666
30.3087036940269
21.7192401667126
14.5345076709054
55.4488186654635
14.5877659274265
19.5855023898184
70.9319508587942
56.602946864441
23.8217432633974
11.4669182570651
18.4835384832695
15.5587418098003
20.4494256107137
18.359713780228
24.8765037488192
20.1543028652668
14.9311860580929
29.3189236614853
21.1940650246106
28.1874054367654
22.7624554815702
11.2356665567495
10.2859499049373
11.3295741309412
10.9170208172873
13.0541723337956
21.837169311475
10.0001532840542
12.6529203192331
14.4041844154708
17.0776422624476
14.1767818736844
57.592987595126
23.2557627535425
22.6325796311721
13.7175608263351
57.8708028420806
78.4566763765179
22.1730923536234
34.0509374905378
15.3143982682377
13.4241318120621
15.9883108059876
12.5068579032086
11.6402530181222
13.9223003783263
20.6160439946689
35.9011269663461
610.381695406977
11.7342557897791
42.5396938552149
15.8601307612844
19.4286137400195
13.2939118216746
20.9930252656341
16.1631454457529
21.3881526025943
12.9912811540999
33.1854514637962
31.7001119209453
30.5901500442997
11.1183945741504
15.519198672846
11.5473700268194
19.1987784765661
15.7150922366418
53.36505102925
62.3245570156723
11.2486198660918
24.7578784869984
184.173614382744
13.0333678843454
38.1815804028884
11.1736561264843
13.1605371762998
54.2268296563998
11.7122506536543
11.807283309754
16.3393363612704
15.1557098561898
14.3265897221863
21.460517658852
18.8896831404418
23.955806188751
15.2686020638794
12.4106128048152
12.1252571349032
19.9155335617252
11.8451412441209
12.63698753668
24.3681949237362
15.067926729098
65.2783266804181
104.00956479134
13.788491927553
16.0960860922933
11.5144628216513
13.0909436801448
32.7861077780835
11.6780936648138
10.6197099131532
11.656422065571
10.9388908790424
10.1942272624001
10.2699078642763
23.7131068203598
23.4931582631543
43.1064151995815
10.9505632868968
39.2944588256069
10.1079288008623
13.0691266339272
11.4206552854739
12.7343035489321
12.7848932798952
13.7106757215224
11.7224141932093
55.3011934435926
15.8700621849857
24.01956359623
10.9178999532014
38.8281074189581
123.926122465637
11.3835748354904
17.5558043783531
19.0671286801808
13.3994519268163
10.2323518879712
10.6746003567241
17.7372572012246
27.8872356121428
11.3795576407574
17.5033775437623
10.5220741941594
10.7451550476253
12.3735286667943
11.3988951733336
24.0276302560233
32.7656287979335
17.6292929030024
32.0154859102331
10.711508160457
10.7648009923287
10.4180482588708
20.8872382924892
57.2932635620236
103.30714833457
10.784561035689
12.2329282341525
10.5746621498838
28.3297473145649
10.560329745058
13.5246467357501
14.6633165259846
16.0540228732862
374.206547688227
35.6548963021487
17.9160334309563
11.5787720517255
12.9689251934178
14.0346045745537
31.5485905180685
12.5925713498145
44.7346129454672
11.7052300134674
16.1567969503812
10.6962592783384
15.1115345442668
12.4694125680253
35.6087829265743
16.9309899909422
18.0521021876484
11.8016203283332
12.2819749824703
34.6566775790416
11.3616605172865
13.8429013127461
